1 1 2 2
2 2 2 2
3 3 2 2
4 0 2 2
5 1 2 2
6 2 2 2
7 3 2 2
8 0 2 2
9 1 2 2
10 2 2 2
11 3 2 2
12 0 2 2
13 1 2 2
14 2 2 2
15 3 2 2
16 0 2 2
17 1 2 2
18 2 2 2
19 3 2 2
20 0 2 2
21 1 2 2
22 2 2 2
23 3 2 2
24 0 2 2
25 1 2 2
26 2 2 2
27 3 2 2
28 0 2 2
29 1 2 2
30 2 2 2
31 3 2 2
32 0 2 2
33 1 2 2
34 2 2 2
35 3 2 2
36 0 2 2
37 1 2 2
38 2 2 2
39 3 2 2
40 0 2 2
41 1 2 2
42 2 2 2
43 3 2 2
44 0 2 2
45 1 2 2
46 2 2 2
47 3 2 2
48 0 2 2
49 1 2 2
50 2 2 2
51 3 2 2
52 0 2 2
53 1 2 2
54 2 2 2
55 3 2 2
56 0 2 2
57 1 2 2
58 2 2 2
59 3 2 2
60 0 2 2
61 1 2 2
62 2 2 2
63 3 2 2
64 0 2 2
65 1 2 2
66 2 2 2
67 3 2 2
68 0 2 2
69 1 2 2
70 2 2 2
71 3 2 2
72 0 2 2
73 1 2 2
74 2 2 2
75 3 2 2
76 0 2 2
77 1 2 2
78 2 2 2
79 3 2 2
80 0 2 2
81 1 2 2
82 2 2 2
83 3 2 2
84 0 2 2
85 1 2 2
86 2 2 2
87 3 2 2
88 0 2 2
89 1 2 2
90 2 2 2
91 3 2 2
92 0 2 2
93 1 2 2
94 2 2 2
95 3 2 2
96 0 2 2
97 1 2 2
98 2 2 2
99 3 2 2
100 0 2 2
101 1 2 2
102 2 2 2
103 3 2 2
104 0 2 2
105 1 2 2
106 2 2 2
107 3 2 2
108 0 2 2
109 1 2 2
110 2 2 2
111 3 2 2
112 0 2 2
113 1 2 2
114 2 2 2
115 3 2 2
116 0 2 2
117 1 2 2
118 2 2 2
119 3 2 2
120 0 2 2
121 1 2 2
122 2 2 2
123 3 2 2
124 0 2 2
125 1 2 2
126 2 2 2
127 3 2 2
128 0 2 2
129 1 2 2
130 2 2 2
131 3 2 2
132 0 2 2
133 1 2 2
134 2 2 2
135 3 2 2
136 0 2 2
137 1 2 2
138 2 2 2
139 3 2 2
140 0 2 2
141 1 2 2
142 2 2 2
143 3 2 2
144 0 2 2
145 1 2 2
146 2 2 2
147 3 2 2
148 0 2 2
149 1 2 2
150 2 2 2
151 3 2 2
152 0 2 2
153 1 2 2
154 2 2 2
155 3 2 2
156 0 2 2
157 1 2 2
158 2 2 2
159 3 2 2
160 0 2 2
161 1 2 2
162 2 2 2
163 3 2 2
164 0 2 2
165 1 2 2
166 2 2 2
167 3 2 2
168 0 2 2
169 1 2 2
170 2 2 2
171 3 2 2
172 0 2 2
173 1 2 2
174 2 2 2
175 3 2 2
176 0 2 2
177 1 2 2
178 2 2 2
179 3 2 2
180 0 2 2
181 1 2 2
182 2 2 2
183 3 2 2
184 0 2 2
185 1 2 2
186 2 2 2
187 3 2 2
188 0 2 2
189 1 2 2
190 2 2 2
191 3 2 2
192 0 2 2
193 1 2 2
194 2 2 2
195 3 2 2
196 0 2 2
197 1 2 2
198 2 2 2
199 3 2 2
200 0 2 2
201 1 2 2
202 2 2 2
203 3 2 2
204 0 2 2
205 1 2 2
206 2 2 2
207 3 2 2
208 0 2 2
209 1 2 2
210 2 2 2
211 3 2 2
212 0 2 2
213 1 2 2
214 2 2 2
215 3 2 2
216 0 2 2
217 1 2 2
218 2 2 2
219 3 2 2
220 0 2 2
221 1 2 2
222 2 2 2
223 3 2 2
224 0 2 2
225 1 2 2
226 2 2 2
227 3 2 2
228 0 2 2
229 1 2 2
230 2 2 2
231 3 2 2
232 0 2 2
233 1 2 2
234 2 2 2
235 3 2 2
236 0 2 2
237 1 2 2
238 2 2 2
239 3 2 2
240 0 2 2
241 1 2 2
242 2 2 2
243 3 2 2
244 0 2 2
245 1 2 2
246 2 2 2
247 3 2 2
248 0 2 2
249 1 2 2
250 2 2 2
251 3 2 2
252 0 2 2
253 1 2 2
254 2 2 2
255 3 2 2
256 0 2 2
257 1 2 2
258 2 2 2
259 3 2 2
260 0 2 2
261 1 2 2
262 2 2 2
263 3 2 2
264 0 2 2
265 1 2 2
266 2 2 2
267 3 2 2
268 0 2 2
269 1 2 2
270 2 2 2
271 3 2 2
272 0 2 2
273 1 2 2
274 2 2 2
275 3 2 2
276 0 2 2
277 1 2 2
278 2 2 2
279 3 2 2
280 0 2 2
281 1 2 2
282 2 2 2
283 3 2 2
284 0 2 2
285 1 2 2
286 2 2 2
287 3 2 2
288 0 2 2
289 1 2 2
290 2 2 2
291 3 2 2
292 0 2 2
293 1 2 2
294 2 2 2
295 3 2 2
296 0 2 2
297 1 2 2
298 2 2 2
299 3 2 2
300 0 2 2
301 1 2 2
302 2 2 2
303 3 2 2
304 0 2 2
305 1 2 2
306 2 2 2
307 3 2 2
308 0 2 2
309 1 2 2
310 2 2 2
311 3 2 2
312 0 2 2
313 1 2 2
314 2 2 2
315 3 2 2
316 0 2 2
317 1 2 2
318 2 2 2
319 3 2 2
320 0 2 2
321 1 2 2
322 2 2 2
323 3 2 2
324 0 2 2
325 1 2 2
326 2 2 2
327 3 2 2
328 0 2 2
329 1 2 2
330 2 2 2
331 3 2 2
332 0 2 2
333 1 2 2
334 2 2 2
335 3 2 2
336 0 2 2
337 1 2 2
338 2 2 2
339 3 2 2
340 0 2 2
341 1 2 2
342 2 2 2
343 3 2 2
344 0 2 2
345 1 2 2
346 2 2 2
347 3 2 2
348 0 2 2
349 1 2 2
350 2 2 2
351 3 2 2
352 0 2 2
353 1 2 2
354 2 2 2
355 3 2 2
356 0 2 2
357 1 2 2
358 2 2 2
359 3 2 2
360 0 2 2
361 1 2 2
362 2 2 2
363 3 2 2
364 0 2 2
365 1 2 2
366 2 2 2
367 3 2 2
368 0 2 2
369 1 2 2
370 2 2 2
371 3 2 2
372 0 2 2
373 1 2 2
374 2 2 2
375 3 2 2
376 0 2 2
377 1 2 2
378 2 2 2
379 3 2 2
380 0 2 2
381 1 2 2
382 2 2 2
383 3 2 2
384 0 2 2
385 1 2 2
386 2 2 2
387 3 2 2
388 0 2 2
389 1 2 2
390 2 2 2
391 3 2 2
392 0 2 2
393 1 2 2
394 2 2 2
395 3 2 2
396 0 2 2
397 1 2 2
398 2 2 2
399 3 2 2
400 0 2 2
401 1 2 2
402 2 2 2
403 3 2 2
404 0 2 2
405 1 2 2
406 2 2 2
407 3 2 2
408 0 2 2
409 1 2 2
410 2 2 2
411 3 2 2
412 0 2 2
413 1 2 2
414 2 2 2
415 3 2 2
416 0 2 2
417 1 2 2
418 2 2 2
419 3 2 2
420 0 2 2
421 1 2 2
422 2 2 2
423 3 2 2
424 0 2 2
425 1 2 2
426 2 2 2
427 3 2 2
428 0 2 2
429 1 2 2
430 2 2 2
431 3 2 2
432 0 2 2
433 1 2 2
434 2 2 2
435 3 2 2
436 0 2 2
437 1 2 2
438 2 2 2
439 3 2 2
440 0 2 2
441 1 2 2
442 2 2 2
443 3 2 2
444 0 2 2
445 1 2 2
446 2 2 2
447 3 2 2
448 0 2 2
449 1 2 2
450 2 2 2
451 3 2 2
452 0 2 2
453 1 2 2
454 2 2 2
455 3 2 2
456 0 2 2
457 1 2 2
458 2 2 2
459 3 2 2
460 0 2 2
461 1 2 2
462 2 2 2
463 3 2 2
464 0 2 2
465 1 2 2
466 2 2 2
467 3 2 2
468 0 2 2
469 1 2 2
470 2 2 2
471 3 2 2
472 0 2 2
473 1 2 2
474 2 2 2
475 3 2 2
476 0 2 2
477 1 2 2
478 2 2 2
479 3 2 2
480 0 2 2
481 1 2 2
482 2 2 2
483 3 2 2
484 0 2 2
485 1 2 2
486 2 2 2
487 3 2 2
488 0 2 2
489 1 2 2
490 2 2 2
491 3 2 2
492 0 2 2
493 1 2 2
494 2 2 2
495 3 2 2
496 0 2 2
497 1 2 2
498 2 2 2
499 3 2 2
500 0 2 2
501 1 2 2
502 2 2 2
503 3 2 2
504 0 2 2
505 1 2 2
506 2 2 2
507 3 2 2
508 0 2 2
509 1 2 2
510 2 2 2
511 3 2 2
512 0 2 2
513 1 2 2
514 2 2 2
515 3 2 2
516 0 2 2
517 1 2 2
518 2 2 2
519 3 2 2
520 0 2 2
521 1 2 2
522 2 2 2
523 3 2 2
524 0 2 2
525 1 2 2
526 2 2 2
527 3 2 2
528 0 2 2
529 1 2 2
530 2 2 2
531 3 2 2
532 0 2 2
533 1 2 2
534 2 2 2
535 3 2 2
536 0 2 2
537 1 2 2
538 2 2 2
539 3 2 2
540 0 2 2
541 1 2 2
542 2 2 2
543 3 2 2
544 0 2 2
545 1 2 2
546 2 2 2
547 3 2 2
548 0 2 2
549 1 2 2
550 2 2 2
551 3 2 2
552 0 2 2
553 1 2 2
554 2 2 2
555 3 2 2
556 0 2 2
557 1 2 2
558 2 2 2
559 3 2 2
560 0 2 2
561 1 2 2
562 2 2 2
563 3 2 2
564 0 2 2
565 1 2 2
566 2 2 2
567 3 2 2
568 0 2 2
569 1 2 2
570 2 2 2
571 3 2 2
572 0 2 2
573 1 2 2
574 2 2 2
575 3 2 2
576 0 2 2
577 1 2 2
578 2 2 2
579 3 2 2
580 0 2 2
581 1 2 2
582 2 2 2
583 3 2 2
584 0 2 2
585 1 2 2
586 2 2 2
587 3 2 2
588 0 2 2
589 1 2 2
590 2 2 2
591 3 2 2
592 0 2 2
593 1 2 2
594 2 2 2
595 3 2 2
596 0 2 2
597 1 2 2
598 2 2 2
599 3 2 2
600 0 2 2
601 1 2 2
602 2 2 2
603 3 2 2
604 0 2 2
605 1 2 2
606 2 2 2
607 3 2 2
608 0 2 2
609 1 2 2
610 2 2 2
611 3 2 2
612 0 2 2
613 1 2 2
614 2 2 2
615 3 2 2
616 0 2 2
617 1 2 2
618 2 2 2
619 3 2 2
620 0 2 2
621 1 2 2
622 2 2 2
623 3 2 2
624 0 2 2
625 1 2 2
626 2 2 2
627 3 2 2
628 0 2 2
629 1 2 2
630 2 2 2
631 3 2 2
632 0 2 2
633 1 2 2
634 2 2 2
635 3 2 2
636 0 2 2
637 1 2 2
638 2 2 2
639 3 2 2
640 0 2 2
641 1 2 2
642 2 2 2
643 3 2 2
644 0 2 2
645 1 2 2
646 2 2 2
647 3 2 2
648 0 2 2
649 1 2 2
650 2 2 2
651 3 2 2
652 0 2 2
653 1 2 2
654 2 2 2
655 3 2 2
656 0 2 2
657 1 2 2
658 2 2 2
659 3 2 2
660 0 2 2
661 1 2 2
662 2 2 2
663 3 2 2
664 0 2 2
665 1 2 2
666 2 2 2
667 3 2 2
668 0 2 2
669 1 2 2
670 2 2 2
671 3 2 2
672 0 2 2
673 1 2 2
674 2 2 2
675 3 2 2
676 0 2 2
677 1 2 2
678 2 2 2
679 3 2 2
680 0 2 2
681 1 2 2
682 2 2 2
683 3 2 2
684 0 2 2
685 1 2 2
686 2 2 2
687 3 2 2
688 0 2 2
689 1 2 2
690 2 2 2
691 3 2 2
692 0 2 2
693 1 2 2
694 2 2 2
695 3 2 2
696 0 2 2
697 1 2 2
698 2 2 2
699 3 2 2
700 0 2 2
701 1 2 2
702 2 2 2
703 3 2 2
704 0 2 2
705 1 2 2
706 2 2 2
707 3 2 2
708 0 2 2
709 1 2 2
710 2 2 2
711 3 2 2
712 0 2 2
713 1 2 2
714 2 2 2
715 3 2 2
716 0 2 2
717 1 2 2
718 2 2 2
719 3 2 2
720 0 2 2
721 1 2 2
722 2 2 2
723 3 2 2
724 0 2 2
725 1 2 2
726 2 2 2
727 3 2 2
728 0 2 2
729 1 2 2
730 2 2 2
731 3 2 2
732 0 2 2
733 1 2 2
734 2 2 2
735 3 2 2
736 0 2 2
737 1 2 2
738 2 2 2
739 3 2 2
740 0 2 2
741 1 2 2
742 2 2 2
743 3 2 2
744 0 2 2
745 1 2 2
746 2 2 2
747 3 2 2
748 0 2 2
749 1 2 2
750 2 2 2
751 3 2 2
752 0 2 2
753 1 2 2
754 2 2 2
755 3 2 2
756 0 2 2
757 1 2 2
758 2 2 2
759 3 2 2
760 0 2 2
761 1 2 2
762 2 2 2
763 3 2 2
764 0 2 2
765 1 2 2
766 2 2 2
767 3 2 2
768 0 2 2
769 1 2 2
770 2 2 2
771 3 2 2
772 0 2 2
773 1 2 2
774 2 2 2
775 3 2 2
776 0 2 2
777 1 2 2
778 2 2 2
779 3 2 2
780 0 2 2
781 1 2 2
782 2 2 2
783 3 2 2
784 0 2 2
785 1 2 2
786 2 2 2
787 3 2 2
788 0 2 2
789 1 2 2
790 2 2 2
791 3 2 2
792 0 2 2
793 1 2 2
794 2 2 2
795 3 2 2
796 0 2 2
797 1 2 2
798 2 2 2
799 3 2 2
800 0 2 2
801 1 2 2
802 2 2 2
803 3 2 2
804 0 2 2
805 1 2 2
806 2 2 2
807 3 2 2
808 0 2 2
809 1 2 2
810 2 2 2
811 3 2 2
812 0 2 2
813 1 2 2
814 2 2 2
815 3 2 2
816 0 2 2
817 1 2 2
818 2 2 2
819 3 2 2
820 0 2 2
821 1 2 2
822 2 2 2
823 3 2 2
824 0 2 2
825 1 2 2
826 2 2 2
827 3 2 2
828 0 2 2
829 1 2 2
830 2 2 2
831 3 2 2
832 0 2 2
833 1 2 2
834 2 2 2
835 3 2 2
836 0 2 2
837 1 2 2
838 2 2 2
839 3 2 2
840 0 2 2
841 1 2 2
842 2 2 2
843 3 2 2
844 0 2 2
845 1 2 2
846 2 2 2
847 3 2 2
848 0 2 2
849 1 2 2
850 2 2 2
851 3 2 2
852 0 2 2
853 1 2 2
854 2 2 2
855 3 2 2
856 0 2 2
857 1 2 2
858 2 2 2
859 3 2 2
860 0 2 2
861 1 2 2
862 2 2 2
863 3 2 2
864 0 2 2
865 1 2 2
866 2 2 2
867 3 2 2
868 0 2 2
869 1 2 2
870 2 2 2
871 3 2 2
872 0 2 2
873 1 2 2
874 2 2 2
875 3 2 2
876 0 2 2
877 1 2 2
878 2 2 2
879 3 2 2
880 0 2 2
881 1 2 2
882 2 2 2
883 3 2 2
884 0 2 2
885 1 2 2
886 2 2 2
887 3 2 2
888 0 2 2
889 1 2 2
890 2 2 2
891 3 2 2
892 0 2 2
893 1 2 2
894 2 2 2
895 3 2 2
896 0 2 2
897 1 2 2
898 2 2 2
899 3 2 2
900 0 2 2
901 1 2 2
902 2 2 2
903 3 2 2
904 0 2 2
905 1 2 2
906 2 2 2
907 3 2 2
908 0 2 2
909 1 2 2
910 2 2 2
911 3 2 2
912 0 2 2
913 1 2 2
914 2 2 2
915 3 2 2
916 0 2 2
917 1 2 2
918 2 2 2
919 3 2 2
920 0 2 2
921 1 2 2
922 2 2 2
923 3 2 2
924 0 2 2
925 1 2 2
926 2 2 2
927 3 2 2
928 0 2 2
929 1 2 2
930 2 2 2
931 3 2 2
932 0 2 2
933 1 2 2
934 2 2 2
935 3 2 2
936 0 2 2
937 1 2 2
938 2 2 2
939 3 2 2
940 0 2 2
941 1 2 2
942 2 2 2
943 3 2 2
944 0 2 2
945 1 2 2
946 2 2 2
947 3 2 2
948 0 2 2
949 1 2 2
950 2 2 2
951 3 2 2
952 0 2 2
953 1 2 2
954 2 2 2
955 3 2 2
956 0 2 2
957 1 2 2
958 2 2 2
959 3 2 2
960 0 2 2
961 1 2 2
962 2 2 2
963 3 2 2
964 0 2 2
965 1 2 2
966 2 2 2
967 3 2 2
968 0 2 2
969 1 2 2
970 2 2 2
971 3 2 2
972 0 2 2
973 1 2 2
974 2 2 2
975 3 2 2
976 0 2 2
977 1 2 2
978 2 2 2
979 3 2 2
980 0 2 2
981 1 2 2
982 2 2 2
983 3 2 2
984 0 2 2
985 1 2 2
986 2 2 2
987 3 2 2
988 0 2 2
989 1 2 2
990 2 2 2
991 3 2 2
992 0 2 2
993 1 2 2
994 2 2 2
995 3 2 2
996 0 2 2
997 1 2 2
998 2 2 2
999 3 2 2
1000 0 2 2
